Mixture	B cells naive	B cells memory	Plasma cells	T cells CD8	T cells CD4 naive	T cells CD4 memory resting	T cells CD4 memory activated	T cells follicular helper	T cells regulatory (Tregs)	T cells gamma delta	NK cells resting	NK cells activated	Monocytes	Macrophages M0	Macrophages M1	Macrophages M2	Dendritic cells resting	Dendritic cells activated	Mast cells resting	Mast cells activated	Eosinophils	Neutrophils	P-value	Correlation	RMSE
TCGA-2J-AAB1-01	0.0499602362012102	0	0	0.080995818451292	0	0.29365433089957	0	0.00249655518413986	0.0440585518131956	0	0.0297878929074791	0	0.0401877789629444	0	0.118408320865718	0.213953517042074	0.0217120232392623	0.052776891150229	0.052008083282885	0	0	0	0.082	0.131425163848401	1.04167798930537
TCGA-2J-AAB4-01	0	0.000273855037152677	0	0.00108047988006957	0	0.230460342212985	0	0.0327252691255135	0.056818258633014	0	0.00414512059717483	0.034719256118942	0.0866673239192279	0.0540344859421507	0.0791016433411812	0.318000256566188	0	0.0496823498988733	0.0522913587275267	0	0	0	0.133	0.106059887276035	1.04988319653465
TCGA-2J-AAB6-01	0	0.00759159829119766	0.0479195248653221	0.00640441785049877	0	0.13167316335428	0	0.0178414909363935	0	0	0.00411518882934972	0.0156676625222709	0.0414899463859026	0.221037997288666	0.0404767764293593	0.361570725521698	0.00570392047124238	0.0269621414447636	0.065770427426906	0	0	0.00577501838214944	0.025	0.18386484998499	1.03218273824586
TCGA-2J-AAB8-01	0.00322188178884539	0.0171928583674684	0.0229805926295929	0	0	0.145321497461342	0	0.129763534435546	0.0600434467257399	0	0.015191361928775	0.0515920803680288	0.0265353947689019	0.161148078036776	0	0.205935324164952	0	0.048804965982162	0.111189431580866	0	0.00107955176100475	0	0.204	0.0816570197998524	1.05257691503661
TCGA-2J-AAB9-01	0.0638982803246661	0	0.0268346263196564	0.115680978667577	0	0.0893003728198053	0	0.0196501937783341	0.0813608661068776	0	0.00827831189366546	0.024558241647482	0.0311200780808483	0.0639047811667274	0.0269698106037556	0.339493345537045	0.0408264060109848	0.00634326732924153	0.0617804397133328	0	0	0	0.078	0.133364886813539	1.03170891697518
TCGA-2J-AABA-01	0.124397376051527	0	0.0973520497004475	0.0708557873386101	0	0.281861106153216	0	0.000856114697254336	0.0511385944845222	0	0.00283876126203127	0	0	0.0876559237620406	0	0.208902814952262	0	0.0329225950818182	0.0412188765162703	0	0	0	0.164	0.0950219137319894	1.04327040857727
TCGA-2J-AABE-01	0	0.0130651235660364	0.0155888686219411	0	0	0.216965903334959	0	0.0326366399383361	0.0470303882842796	0	0.0170980272459438	0.0468837838480263	0.0810413166038791	0.213247082809054	0	0.181096111816152	0	0.0408508783981111	0.0910997481596397	0	0.00339612737364144	0	0.038	0.156619293766641	1.02670219387419
TCGA-2J-AABF-01	0.0020483704344326	0.00912665022280989	0	0.0831782845485303	0	0.166464573823944	0	0.0161814533497366	0.0526372856309186	0	0	0.0126863435781279	0.0469768816269178	0.0462665170339082	0.0816702187457129	0.355226823315779	0.0384709718535814	0	0.0427395529824431	0	0	0.0463260728531575	0.01	0.226476650645064	0.999005545535413
TCGA-2J-AABH-01	0	0.012182985196411	0.026132609387395	0	0	0.382436851048086	0	0.00772586303120652	0.0822228547199531	0	0.00709768407230374	0.0371027860812273	0.0600232241975553	0.100131976965056	0	0.154402599457501	0	0.0109113440111746	0.101409721632698	0	0	0.0182195001994324	0.373	0.0521730308217463	1.06816783442259
TCGA-2J-AABI-01	0.159637896791313	0	0.0102249492984366	0.0413338194959383	0	0.0710399791027998	0	0.0491728623787027	0.127118944595793	0	0.0392246268447982	0	0.0298366578897958	0.337278121314267	0.00555171474344986	0.0559802306718806	0	0.0312793938609901	0	0.0423208030118356	0	0	0.025	0.184899565832195	1.02496037421804
TCGA-2J-AABK-01	0.0814696621312741	0	0	0.0810501857746258	0	0.239704211165839	0	0.0604986989574094	0	0	0.021111334071657	0	0.00262584640972133	0.0614575290910467	0.0683044642958819	0.34090579341397	0	0.00660242916190466	0.0247872890103229	0.0114825565163471	0	0	0.396	0.0487019756947444	1.07563086809724
TCGA-2J-AABO-01	0.11134103837756	0	0.0252330690146368	0.0595603461971511	0	0.212454477206755	0.00498037910373929	0	0.0155077722430076	0	0.0212813125501028	0	0.00459246430470598	0.179845918160447	0.0223645543586767	0.253556163576839	8.87267490159752e-05	0.0135039929666044	0.0756897851907578	0	0	0	0.126	0.108365263288499	1.04573405420024
TCGA-2J-AABP-01	0.00477646607992731	0	0.0331682270389649	0.0452767079980762	0	0	0	0.0424156615857554	0.0435883642274644	0.00886711184539908	0	0.0311348630520541	0	0.32606181505356	0.0509636425997787	0.378266494053223	0	0	0.028494624035611	0	0	0.00698602243018551	0	0.634733139267692	0.774649309429093
TCGA-2J-AABR-01	0.00522943633727812	0.0164952525258747	0.0177155585687869	0.0282135060881831	0	0.302113296211315	0	0.125854666094483	0.018141027940673	0	0.0434799705691458	0.0169223097669601	0.0616834316584198	0.0874223871431356	0.0393322112898381	0.222454981931311	0.00629300759786085	0	0	0.0086489562767345	0	0	0.047	0.151283938163562	1.03168233982485
TCGA-2J-AABT-01	0.00605031969893293	0	0.002297488230145	0.048130432516917	0	0.228162581409806	0	0.0354994606883968	0.0317191051848211	0	0	0.0142269648809182	0.0341896250804047	0.110540252630349	0	0.329982736214785	0	0.0604417821791786	0.0987592512853455	0	0	0	0.00700000000000001	0.238287252477462	0.992394564947549
TCGA-2J-AABU-01	0.0700271663686397	0	0.0366046920686588	0.0639123822413503	0	0.109516345543693	0	0.0583093749800054	0.0839694695327729	0	0.0650982298845442	0	0.0123756956932773	0.190128390265715	0.0121823334965764	0.221895192738077	0	0.013782760415668	0.0621979667710216	0	0	0	0.154	0.0976118551913604	1.04793373232727
TCGA-2J-AABV-01	0	0.0140480586254487	0	0.0896583161112526	0	0.10030453667562	0	0.0871087391052154	0.0906501395008917	0	0.0413167067400498	0.0164465737640449	0.0906612466786018	0.043457195052792	0.0168849003277852	0.14778317892814	0.0477274686814897	0.0152755201702034	0.198677419638465	0	0	0	0.365	0.0531019942111309	1.05878845963149
TCGA-2L-AAQA-01	0	0	0.045542859323958	0	0	0.22542360706922	0	0.0370816212509914	0.0835428349333727	0	0.0390786692943984	0.0207734603711801	0.0344333373337792	0.33862097629306	0	0.095976261795554	0.0206445079343452	0.00526912059999158	0	0.0341045279570799	0.0195082158430692	0	0.126	0.10844467547411	1.06506946467215
TCGA-2L-AAQE-01	0.0929475512760827	0.0676394861183544	0	0.0154695715092992	0	0.157019914336336	0	0.0466151346417967	0.111565520132123	0	0.0214088846348603	0	0	0.269701682742322	0	0.116618556690963	0	0.0652514563258188	0.0357622415920448	0	0	0	0.085	0.129429891094852	1.04284456166504
TCGA-2L-AAQI-01	0.0002874111615737	0.0111615730027417	0.004555165881904	0	0	0.34101735533536	0	0.0106573453923355	0.101039725873516	0	0.0736314590122991	0.0046504577111405	0	0.329784465924362	0	0.114955148523557	0	0.00104236985687572	0	0	0	0.007217522324334	0.106	0.119655742725518	1.07088163825019
TCGA-2L-AAQJ-01	0.162285644429903	0.011496496105191	0	0	0	0.157133915971483	0	0.0705720381749288	0.0573143051153962	0	0.0230919596243281	0.00376358860741291	0.00555898973153994	0.259921212929372	0.0439675396963186	0.189175602015321	0	0	0	0.0157187075988057	0	0	0.048	0.15098386476891	1.03813031149904
TCGA-2L-AAQL-01	0.00375979130165381	0	0.000184912322518436	0.10525037623501	0	0.0936589119031284	0	0.0360797393468335	0.0852227376481838	0	0	0.0338026485650515	0.0246425680731997	0.0981119659447324	0.0175240654692383	0.260473961928297	0.00968110874728977	0.0285944842856607	0.202856273758502	0	0.000156454470700171	0	0.102	0.122464321251094	1.03868376405322
TCGA-2L-AAQM-01	0.0340525506510186	0	0.0830705501116234	0	0.0735658529145106	0	0	0.049092500535133	0.0434751963951977	0	0.212249825246517	0.0456605929165413	0.0461522151926551	0	0.0228431291008239	0.189574283911563	0	0	0.181496638117031	0	0	0.018766664907385	0.899	-0.0169481144622781	1.10094256171281
TCGA-3A-A9I5-01	0.185319844910861	0	0.0891203135310458	0.0296999938508491	0	0.0491910184988855	0	0.103751687758714	0.0530925742746772	0	0	0.0232744578281789	0	0.227160033299241	0.00597610751642172	0.192192058891504	0	0	0.0289509401620442	0	0	0.0122709694775778	0.173	0.0909390621173057	1.05269774626873
TCGA-3A-A9I7-01	0.192014621148939	0	0.0193423591058489	0.0911226213050841	0	0.106094010597884	0	0.0960213765092107	0.0629340103932487	0	0.00490522545905756	0.0137649210830269	0.00376664134342919	0.0874723511348467	0.0629015108343942	0.205520684762696	0	0	0.0541396663223329	0	0	0	0.102	0.121986631095437	1.03583556565376
TCGA-3A-A9I9-01	0	0.00444811429274207	0.000168611257271702	0.107450450304769	0	0.0610489464542924	0	0.0252566722899291	0.0886380578947203	0	0	0.0576700914336238	0.0808793450545102	0.114562883008517	0.0073872398589064	0.273458451773616	0	0.0150192510599332	0.164011885317168	0	0	0	0.112	0.115583717031121	1.04317679325876
TCGA-3A-A9IB-01	0	0.0163003857353224	0	0	0	0.159640675612576	0	0.00485716799316172	0.0295755944484667	0	0	0.0353367874424263	0.000773598028357553	0.212583086616086	0.0481120219823199	0.377713942085744	0	0.00223835618637784	0.112515052849771	0	0	0.000353331019390826	0.019	0.200797140541207	1.02495847765616
TCGA-3A-A9IC-01	0.0351930053776489	0	0.0272324397743016	0.0171115475207127	0	0.197723998584653	0	0.0213068624684662	0.0194458918764867	0	0.0136001408901893	0.0228345658528933	0	0.12465533221561	0.00877015582015213	0.405937424198639	0.0128092672244965	0	0.0487050411642254	0	0	0.0446743270315251	0.251	0.0697562781517607	1.0746215150062
TCGA-3A-A9IH-01	0.0205196191204975	0	0.00203171464872107	0	0	0.125032960394895	0	0.0906535697327524	0.0657208556422511	0	0	0.045627407359249	0.0120015418919213	0.115117263005578	0.0434324178203899	0.292792095861387	0.0527154022567913	0.0526337217581509	0.0817214305074142	0	0	0	0.37	0.0524466731371422	1.06817274838811
TCGA-3A-A9IJ-01	0.0524541710329904	0	0.0545476297443961	0.063631924725507	0	0.0458588941050812	0	0.113814639974422	0	0	0	0.0798847690685756	0.0143764981504669	0	0	0.472366120628144	0	0	0	0.103065352570417	0	0	0.915	-0.021763863294403	1.11693637069154
TCGA-3A-A9IL-01	0.0958702564300308	0	0	0.0629049651031176	0	0.216199882577229	0	0.00376610257569649	0.0533943944547831	0	0.0212676825693019	0.0133881802730601	0.021922622122796	0	0.00392505486471299	0.327648798719908	0.00444549172591586	0.0279114531640564	0.147355115419392	0	0	0	0.65	0.0174393172368737	1.07652810481077
TCGA-3A-A9IN-01	0.167930361084593	0	0	0.0445193501294575	0	0.144081070974716	0	0.0834450212208697	0.030216368539463	0	0	0.0514517742154196	0.0105118925148159	0	0.0230756221750457	0.325268670018483	0	0	0	0.119499869127136	0	0	0.791	-0.000362257956272758	1.09580180684215
TCGA-3A-A9IO-01	0.192717525451003	0	0.0419776222360666	0.035282513529735	0	0.136294954489745	0	0.0129913818885785	0.061089919421143	0	0	0.0520874972245181	0.0231349705501583	0.117711054013917	0	0.175789282894652	0	0.0594632130017703	0.0914600652987135	0	0	0	0.886	-0.0149293322722371	1.08206193197213
TCGA-3A-A9IR-01	0.0864251794961882	0	0.00406201232872203	0.0645294783292825	0	0.190812705832355	0	0.0650084035225024	0.0514228832619685	0	0	0.0398712656929762	0.0275484936705007	0	0.0629406541136602	0.30857292907498	0	0	0.0988059946768639	0	0	0	0.865	-0.0114001804236274	1.0889176341488
TCGA-3A-A9IS-01	0.0886520461062671	0	0.130157023279288	0.0188115070745003	0	0.18501912747387	0	0.0759652839464732	0	0	0	0.143808513634353	0.080586733054121	0	0	0.213443856461651	0	0.018010700158483	0	0.0455452088109944	0	0	0.773	0.00111734929341908	1.08534073511194
TCGA-3A-A9IU-01	0	0.0446777997232253	0.00719083035633091	0.0494675358420939	0	0.14836889317239	0	0.0786251105771104	0.0620037914440873	0	0	0.0578816086870202	0.0317007407854143	0.408007969036142	0.00167540730676344	0.046300160239861	0	0.0177017880578104	0.0420756862563935	0	0.00432267851535686	0	0.038	0.155932407662115	1.05173488617572
TCGA-3A-A9IV-01	0	0	0.0857835190066969	0	0	0.348919042946777	0	0.0171192183822598	0.00746172794476291	0	0	0.0838773445603974	0.00553599030178125	0.272276334524082	0	0.137626724765459	0	0	0.0414000975677838	0	0	0	0.375	0.0515824419696833	1.08419472913883
TCGA-3A-A9IX-01	0.17260856777624	0.00014252126687555	0.0141073810136288	0.0767047440908533	0	0.180507523661644	0.00172007762481185	0.0370844848593867	0.0382108170060212	0	0.0346556709240244	0	0.0485316280233363	0	0	0.221583098597843	0.0488067535937269	0.0818091288108832	0.043527602750725	0	0	0	0.00600000000000001	0.240819204935773	0.983259187125306
TCGA-3A-A9IZ-01	0.0254091762932055	0	0.0181990235532993	0.109059719120347	0	0.182999602767561	0	0.046226512441466	0.124568761624579	0	0.0357545373436574	0.0189650873118275	0.0543090975776162	0.196385744105169	0	0.0649454710018648	0	0.0122263692363469	0	0.0520895647400406	0	0.0588613328830201	0.787	2.66004964712134e-05	1.10059581171002
TCGA-3A-A9J0-01	0.00247196287919028	0.0359615691982632	0.0636138870022642	0	0	0.179696950791026	0	0.0486348867227098	0.0156991211687054	0	0.0431706263047959	0.0227098234116082	0.0268190948656059	0.423424267069577	0	0.112330872510126	0	0.00200719070438543	0	0.0176694236146828	0.00579032375705982	0	0.026	0.182273094084593	1.04408571157314
TCGA-3E-AAAY-01	0.00685844487461879	0.0141992657195561	0	0.053818377621027	0	0.148244983496438	0	0.0583532082898891	0.103847998468556	0	0	0.046469570926806	0.0317646716966649	0.0596528069256824	0.0386247765053195	0.277390099128825	0.00369323274142967	0.00865761130493327	0.147983375769591	0	0.000441576530663041	0	0.078	0.133264833719309	1.03141951636082
TCGA-3E-AAAZ-01	0.0915402449748548	0	0.0242251565846312	0.0421695886651876	0	0.201570228636646	0	0.0293825779759295	0.00596612358439556	0	0.0491271494778385	0	0	0.0831289660535251	0.00987371708325399	0.361259661534178	0.000772393380737135	0.00870583466683964	0.0922783573819825	0	0	0	0.425	0.0431768240431161	1.07086928064457
TCGA-F2-6879-01	0.0466277134102646	0	0	0.0171891977115892	0	0.219492193029463	0	0.00999006636777336	0.0330527323224919	0	0.0423349983089341	0	0.00370996508130181	0.164642136725176	0.0921151263853766	0.207395584873834	0.0519237937227673	0.0230616671569782	0.0822119283542631	0	0	0.00625289654978555	0.252	0.0694053241316412	1.06346196013474
TCGA-F2-6880-01	0.180691651690393	0	0.08064497024268	0.108090312187983	0	0.0889502607843121	0	0.0348064380822453	0.0152128267249379	0	0.018292012824091	0.0350675623573519	0.0146507330204085	0.0245445103187373	0.00499900779934146	0.24561351293861	0	0	0.148436201028909	0	0	0	0.909	-0.0199562269051757	1.08182299432649
TCGA-F2-7273-01	0.0367784454837398	0	0.00178630769540426	0.0412812050744919	0	0.252771798568686	0.0103231776851297	0	0	0	0.0654335372391904	0	0.041565492200948	0.00613692020926665	0.0247687333369083	0.366807985509156	0.0279432375741181	0.0201358083790655	0.0894270170813722	0	0	0.0148403339625231	0.019	0.19772599544389	1.00607363243826
TCGA-F2-7276-01	0.150684248576679	0	0	0.0123609142059983	0	0.141232553334486	0	0.056027100207447	0.00227152153058068	0	0.0502614269925715	0	0	0.343131546838503	0.0612138679834581	0.164951593676959	0	0	0.0073534216905529	0.000696955218541429	0	0.00981484974422274	0	0.363892061310994	0.941684860448119
TCGA-F2-A44G-01	0.00168254253038786	0.0066148631504484	0.00439634657849664	0.0384651826506162	0	0.210613798124497	0	0.0440268764934708	0.0812302679876126	0	0	0.0346673869450851	0.0436759426550728	0.212142825537955	0	0.136100991492464	0.0604510685594109	0.0121600168776087	0	0.045078225398994	0	0.06869366501788	0.374	0.0519939876991187	1.07944355496139
TCGA-F2-A44H-01	0.0046490518221164	0	0	0.00133446989857657	0	0.115729232299065	0	0	0.0209980328761443	0	0.0030673637833288	0.00808255252322482	0.0496153782469794	0.582286846041489	0.0116847754487452	0.160143488348173	0	0.0107019142372952	0.0317068944748618	0	0	0	0	0.433911171574652	0.934720920058768
TCGA-F2-A7TX-01	0.018105529226543	0.00142611346370812	0	0.0759515085282873	0	0.178993350126958	0.00964153516872749	0.0961371827053213	0.00641087718331238	0	0.0364670930025126	0.0184920094142487	0.0167689391693222	0.0293063914891137	0.182493753939211	0.244725700658435	0	0.010268228761654	0.0732722368134744	0	0	0.00153955034917118	0.001	0.314732567518114	0.96404360274413
TCGA-F2-A8YN-01	0.0603345058904013	0	0.00782722184028672	0.0161173508300675	0	0.153718227467532	0	0	0.0448453600778274	0	0.0211730690587081	0.018034481678986	0.0150779766008734	0.187417361600686	0	0.356391252638472	0.0456174987403095	0.0219012046230682	0.0282194735981704	0	0	0.0233250153546112	0.096	0.126060867734114	1.05448418381564
TCGA-FB-A4P5-01	0.217683496188681	0	0.048623126871644	0.169374584658595	0	0.184390677369682	0	0.09383331224691	0.0150361160916155	0	0	0	0.023965063419325	0.0522255018373738	0.0231690556481984	0.144030085237232	0	0.0132364288734763	0.0144325515572669	0	0	0	0.001	0.302568145367707	0.963377252568171
TCGA-FB-A4P6-01	0.055624548653126	0	0	0.147204009463741	0	0.193863742892137	0	0.0255967945223161	0.0794977546033024	0	0.0160470718311196	0.00442656509144951	0.0279998463111314	0	0.0106171244175698	0.288631789843188	0.00491614235014576	0.023614679108841	0.121959930911932	0	0	0	0.408	0.0462022202255979	1.06873615975544
TCGA-FB-A545-01	0.0971184428867033	0	0.0569628009647516	0	0	0.0859032678776174	0	0	0.0408696833760101	0	0	0.0442056498063029	0	0.553080841528641	0	0.0279265340357119	0	0.00476484351113169	0.0891679360131304	0	0	0	0.00800000000000001	0.233056171780129	1.03756930523378
TCGA-FB-A5VM-01	0.0281379665450311	0.0220218932924533	0.00800949243612078	0.06082511781823	0	0.0496904277469027	0	0.104483481991874	0.0578366645694636	0	0.012181903625942	0	0	0.310499805783014	0.0127860969009324	0.253505595389881	0	0.0491038915632734	0.0304343750046876	0	0	0.000483287332195085	0	0.438568230575904	0.900779303741762
TCGA-FB-A78T-01	0.00952443585707278	0	0	0.0568678689950195	0	0.141559290547655	0	0.00385945387251587	0.0773051398512509	0	0.0384242719033492	0	0.149842157628338	0.279343426455457	0.028696647988107	0.164023023035992	0.0101819272733104	0	0.0403723565919336	0	0	0	0.082	0.131329363529679	1.04978542057836
TCGA-FB-A7DR-01	0.103777391576562	0	0	0.050250703796673	0	0.129666477062234	0	0.0197978310715434	0.0404807954874895	0	0.0205933061298776	0.00847418850167073	0	0.0217090223227576	0.0239457594786729	0.295054402385573	0	0.164526222471302	0.0913170684392823	0	0	0.0304068312763624	0.167	0.0937477399010824	1.04809740392611
TCGA-FB-AAPP-01	0.0324971157525324	0	0.00623698409564695	0.143098574343262	0	0.34747539471653	0	0.0202241320755632	0.0750217074711437	0	0.0736465857086744	0.0165494188685636	0.0726836787586768	0.0360405627424361	0.0396726750506125	0.0783797411807928	0.0108355463771538	0	0.0476378828584118	0	0	0	0.365	0.0532698097805985	1.09049750794631
TCGA-FB-AAPQ-01	0	0.0126376550541034	0.00966450641674865	0	0	0.196302356670107	0	0.0279625589915835	0.0699340434201025	0	0.0906528556114432	0	0.0268928415527473	0.435441940955394	0.00708842503696147	0	0	0	0	0.123422816290809	0	0	0.313	0.0613586952910676	1.11302583947566
TCGA-FB-AAPS-01	0.102990623972024	0.0245313239014019	0	0.0750773304718595	0	0.228031332021818	0.000938060043502824	0.0213664496214129	0.0213129843878101	0	0.0321667625570426	0	0.00274281731680242	0.149247614930824	0.0334898776237229	0.280292324200996	0	0	0.0278124989507838	0	0	0	0.004	0.272609060930765	0.977578814773817
TCGA-FB-AAPU-01	0.0869149072982936	0	0.00611426935877328	0.0259626733321065	0	0.279766921293737	0	0.0531644802898531	0.096532287976177	0	0.0755158423460933	0	0.0278420623915057	0.0523070416006565	0.00037655512085128	0.0796754206170965	0.0690125241422923	0.0783640201324716	0.0684509941000923	0	0	0	0.869	-0.0121207728640932	1.08886802474683
TCGA-FB-AAPY-01	0.0598066618279781	0.0588362541754076	0	0.0887843620042164	0	0.170577845353879	0	0.0501786102911064	0.0618847442277393	0	0	0.0120867876588822	0.0167982573413	0.0425457261334973	0.0222118030726609	0.302779449229067	0.0336346202143142	0.0436049316436464	0.036269946826305	0	0	0	0.004	0.265784025362575	0.975849107146168
TCGA-FB-AAPZ-01	0.0510059143206446	0	0	0.0696895260989474	0	0.171992647517768	0.00204786844061769	0.023033849838544	0.0498327577955864	0	0.0178238264970866	0	0.0109409404181121	0.253336710356267	0.0321525827858845	0.266976568842754	0	0.0106862837580886	0.0394541117725286	0	0	0.00102641155717123	0.019	0.199357871578104	1.01956275927085
TCGA-FB-AAQ0-01	0	0.0111220051487013	0	0	0	0.365997235772228	0	0.00749063945834182	0.111894129520547	0	0.0171194145690722	0.125527169298021	0.054309232367857	0.229288665931542	0	0.0436824930017574	0	0.0335690149319325	0	0	0	0	0.588	0.0248608000657204	1.11315354025545
TCGA-FB-AAQ1-01	0.0118785927251012	0	0.0223241337695665	0.0578092593520278	0	0.106341945767142	0	0.0188135966767961	0.0880270052108808	0	0.021785049205016	0.00479349142365905	0.0510146253568773	0.3443465969779	0	0.190020816770046	0	0.0152264192617495	0.0676184675032379	0	0	0	0.033	0.169245823439575	1.04056531346448
TCGA-FB-AAQ2-01	0.107139627215685	0	0.0279913730280618	0.0572368571493544	0	0.0872595852629894	0	0.152044152883931	0.0840499232840398	0	0.0285621701584704	0.0214915212600862	0.0360748971933205	0.216544341324619	0	0.114638594922944	0	0.029716033321767	0.0344300559737931	0	0.00282086702093861	0	0.189	0.0853251809107246	1.05449543620701
TCGA-FB-AAQ3-01	0	0.00557273636984117	0	0.0749454011351548	0	0.1968502798979	0	0.0105528744938117	0.00844943534852494	0	0.0219979127565861	0	0.0346792250484186	0.121136666451059	0.0798494382883224	0.356141651884037	0.00259513508311605	0.0344214071248335	0.0528078361183953	0	0	0	0.07	0.137085147253678	1.04491651933924
TCGA-FB-AAQ6-01	0.0440439381619909	0.0294278465121277	0.0128403570258795	0	0	0.300878564631831	0	0.0117993871471973	0.0848322595769535	0	0.0247333703911677	0.028775607250362	0	0.231315897682021	0.0544375125361362	0.149666767073782	0	0	0.0272484920105513	0	0	0	0.326	0.0591620152426436	1.07516762670876
TCGA-H6-8124-01	0	0	0.0578749080078606	0	0	0.301862045805286	0	0.00286895725695824	0.1036851896124	0	0.0930025821350736	0.0039017033213317	0.0599312541649372	0.266832601306234	0	0.0261976762233471	0	0	0	0.0737365327956156	0.0101065493709566	0	0.463	0.0378132575794492	1.08730433778222
TCGA-H6-8124-11	0.0409096432104408	0	0.00499634291375799	0.0537901271941551	0	0.149591993339842	0.00328427965609604	0.00745982965327732	0.0234927367336908	0	0.0149531386501679	0	0.00898950018378054	0.137364579248916	0.0466525058362756	0.41312593785945	0.0471212388086628	0	0.0412449116126983	0	0	0.00702323509878873	0.004	0.27731023247552	0.982325862105511
TCGA-H6-A45N-01	0.0149091533327599	0.0539518075122505	0	0.0807520946697261	0	0.130522071598572	0	0.0282987984740105	0	0	0.0416937917629573	0	0.00372563307136755	0.378152233461603	0.0358774253691811	0.214835151345793	0	0.00165120260298268	0.0156306367987969	0	0	0	0.001	0.302398073057231	0.982125941727258
TCGA-H6-A45N-11	0.243499808425687	0.413023748607816	0	0.135539824092017	0	0.0206104073461763	0	0.0240704267954473	0.00274453380760517	0	0.0430535458900447	0	0.0235845543730742	0.0178868586048089	0.0158681713177679	0.0561270312321851	0	0	0	0	0	0.0039910895073702	0	0.616444847909926	0.787950309480566
TCGA-H8-A6C1-01	0.0365703600044525	0.0921528184239524	0	0.0563295651970117	0	0.169728904869238	0	0.0290714792722073	0.10242951846735	0	0.00244667711270141	0.0289078336103415	0.0131696536462547	0.0234616520302905	0.0069269973521684	0.172278134596116	0.0593795000832547	0.0652946108924056	0.100095275112541	0	0	0.041757019329714	0.261	0.0685748737603279	1.0479318277271
TCGA-HV-A5A3-01	0	0.00413384549267507	0.00611517263606173	0	0	0.261383918207733	0	0.0183784044039065	0.138029044897059	0	0.130031624639578	0	0.0240966401802399	0.159035427102146	0	0.136505106409007	0	0.0461019295966065	0.0721258945354722	0	0	0.00406299189951579	0.563	0.0291944351000883	1.08282573958562
TCGA-HV-A5A3-11	0.0558397989104963	0	0	0.0525136557197749	0	0.163157431172898	0	0.0191891097148914	0.0503462983890401	0	0.0183828401229274	0.0136799310685258	0.0638982152499696	0.10932410026669	0.0490825747385051	0.323580513313266	0.0366878826014463	0	0.0374296413894732	0	0	0.0068880073420965	0.004	0.275423636117288	0.975058599280772
TCGA-HV-A5A4-01	0	0.0261918897904164	0	0.0165468234199426	0	0.173041655786062	0	0	0.0379741824100692	0	0.0222503308445445	0.0124543774987926	0	0.449241151484696	0.0303644057824356	0.188693843911077	0.00209422233072671	0	0.0411471167412375	0	0	0	0.051	0.148476910067621	1.07880334987194
TCGA-HV-A5A5-01	0.0374858066875126	0	0.00253694305361862	0.0143544005893175	0	0.215020590533182	0	0.0434034508063436	0.0729371496529477	0	0.0672448586242485	0	0.0172202371068912	0.148086118708125	0.0289971827873475	0.288787228392417	0	0.0154230070828796	0.048359646487356	0	0	0.00014337948781339	0.183	0.0874695918687389	1.05752294535981
TCGA-HV-A5A6-01	0.0949090836604809	0	0.0191698316581662	0	0	0.106566172345155	0	0.0133717945479934	0.0748943850384925	0	0	0.0151410440339042	0	0.520562050687848	0.0252322549445645	0.119368582639398	0	0	0	0.0107848004439971	0	0	0.019	0.19904371203324	1.06154559425325
TCGA-HV-A7OL-01	0.239332766428184	0	0.0300411661407985	0.0607650797011875	0	0.130706215832439	0	0.116241510514579	0.0321149104684186	0	0	0.0359233320364789	0.00460290410041886	0.0998282810821773	0.0377104919410195	0.14629199158363	0	0.0122219292135777	0.04267975044388	0	0	0.0115396705132118	0.002	0.288624710826021	0.966305955388967
TCGA-HV-A7OP-01	0.114226117082791	0	0.0984042829900626	0.130113179549537	0	0.0852734085727152	0	0.0567914031797629	0.0430112999635488	0	0.0857380754355636	0	0.013582385357126	0	0.00963999550022964	0.346787047254037	0	0	0	0.015101932448093	0	0.00133087266653358	0.614	0.0219429482602977	1.07526413118374
TCGA-HV-AA8V-01	0	0	0.0195475716789769	0	0	0.158791517808707	0	0.0149183142152317	0.073807857778184	0	0.00829555101972462	0.0433071174422544	0.00454737968086237	0.350144702314662	0	0.165105717341874	0	0.0212246793648795	0.140309591354644	0	0	0	0.011	0.223196292262565	1.01433987929792
TCGA-HV-AA8X-01	0.0345580197476756	0	0.0869897925840839	0	0	0.196239883162794	0	0	0.0494626392887642	0	0	0.0371602044352108	0	0.172897600232526	0.0174944587910977	0.197711587694995	0.0143388713728291	0.0177439491426133	0.175402993547411	0	0	0	0.696	0.0119522240037141	1.07589526776806
TCGA-HZ-7289-01	0.0489506237856028	0	0	0.0895921089275878	0	0.199758983442206	0	0.0109224372443221	0.187420963341707	0	0.0109539587936232	0.10727032200027	0.0248368165262963	0.195972841225954	0	0.0930121273449592	0	0.0133644284388514	0.0179443889286209	0	0	0	0.714	0.010201281691705	1.11147158526861
TCGA-HZ-7918-01	0.0121617201417148	0	0.0407211456094616	0.0361473564571891	0	0.249190220808937	0.0149343030661007	0.0323112721952394	0.0284446099964408	0	0.0641934547140993	0	0.00102806452733947	0.0886465619657635	0.12416375335197	0.191776572058317	0.0828708716831747	0	0.0229290850097589	0	0	0.0104810084144942	0	0.332663344833238	0.948138093557173
TCGA-HZ-7919-01	0.0249241895032557	0	0.0201176476829755	0.056464728612551	0	0.22159686007518	0	0.0501733575922745	0.0111074778722619	0	0.0125439713196627	0.00779309268207512	0.0236296123472671	0.0437972645162194	0.0577136574995602	0.247024733129055	0.0440906058288106	0.0363745608227191	0.142648240516132	0	0	0	0.142	0.100977542650009	1.04005622380796
TCGA-HZ-7920-01	0.182018406753983	0	0.010045149434114	0.0448473553711785	0.0152761539571689	0.113284848968592	0.024207312762677	0.0159542809533767	0	0.00148411882418121	0.0201270756590465	0	0.0680489796429277	0	0.0380671914521337	0.327043878645276	0.0330879533663313	0.00285464607399001	0.101377504295488	0	0	0.00227514383953537	0.026	0.182621415889518	1.00786793274871
TCGA-HZ-7922-01	0.169895721042414	0	0.0316080080129293	0.0268647359213621	0	0.14130238758105	0	0.0442385411903932	0.0280158896810304	0	0.00124283449230861	0.00121943495299104	0.00805695251777747	0.0870245463771046	0.0793020651365297	0.178719118414164	0.0392376247163221	0.00822536382046486	0.129063231216667	0	0	0.0259835449264921	0.088	0.128333610209952	1.02689796366872
TCGA-HZ-7923-01	0.0806074331362122	0	0.00970142056282035	0.0370389905810588	0	0.206906245833175	0.0123863007964513	0.0294484793067883	0.0373918463743195	0	0.0394562500512478	0	0.0670612213691026	0	0	0.261392545857549	0.105379324970124	0.0645670934800237	0.0415870103573499	0	0	0.00707583732377827	0.103	0.121310992411432	1.03022425696993
TCGA-HZ-7924-01	0.042922424582971	0.042735872520306	0.0288531368772073	0.0435866120138337	0	0.226660600400027	0	0	0.00250047025447876	0	0.0364643055384725	0	0.0138973759994893	0	0.00829606878401135	0.298879052763686	0	0.0256157607773729	0.220259698947186	0	0	0.00932862054095773	0.67	0.0148543632281459	1.07587629041203
TCGA-HZ-7925-01	0.000470057156976646	0	0.0174052741187667	0	0	0.332638410393918	0.00101033625146752	0.0161536953935164	0.0843855668279975	0	0	0.00661626724939339	0.0298032524414746	0.145986675215502	0	0.200867198657046	0.00358771590898655	0.0544976480086481	0.0651487673720643	0	0	0.041429135004242	0.198	0.0836411297029019	1.05769983987791
TCGA-HZ-7926-01	0.339332028875735	0	0	0.044626342250966	0	0.136672261846418	0.0174417187666216	0.0353928873764731	0.0358283184235992	0	0.0364435897212241	0	0.0186209294726425	0.0191175984283918	0	0.159120743317144	0.028004641033434	0.0923519309598609	0.0344651374586408	0	0	0.00258187206884875	0.134	0.104797030512181	1.04905543852589
TCGA-HZ-8001-01	0.0752425799586497	0.00664398222010984	0.00805028587649425	0.0638108820047222	0	0.0724227494979593	0	0.0494116961580278	0.0538161058583722	0	0.00159006700095767	0.00447053926281941	0.0579653227658584	0.0349346961952905	0.0193893483349455	0.401423625589594	0	0.0104202697708992	0.125574704683605	0	0	0.0148331448216954	0	0.350261606746914	0.939688363409744
TCGA-HZ-8002-01	0.0567467433237645	0	0	0.061053892454693	0	0.215948355273277	0	0.0292120619928185	0.0046542888531182	0	0.00843295144105877	0.00618457650040028	0.0856661665836819	0.0563957484755333	0.0244257161763734	0.296493414126765	0.0524098337198195	0.0184320999850717	0.0756671503623191	0	0	0.00827700073130553	0.045	0.152007586220258	1.02310395363624
TCGA-HZ-8003-01	0.0983419428333915	0	0.0360676849492829	0.0385355928931114	0	0.182901290162932	0.00771624229945636	0.0366725908902582	0.0141538036247253	0	0.0443234153840774	0	0.0242304638339621	0.148809055902	0.0691037736808717	0.221657276090985	0	0.0070176465466119	0.0439851471315908	0	0	0.0264840737767437	0.005	0.259642847075257	0.978091085742814
TCGA-HZ-8005-01	0	0	0.0370822739231367	0.0060618926796986	0	0.155451591353768	0.00595149697508226	0.0445330291001977	0.00522120472778932	0	0.0491724566349073	0.0111446839238553	0.012548784543285	0.180129147641079	0.149105064752474	0.272737464458618	0	0	0.0708609092861085	0	0	0	0.018	0.205093635037491	1.01746325012352
TCGA-HZ-8315-01	0.00267118511579914	0	0.0203259353202129	0.0148433336403541	0	0.301142546120111	0	0.0315028160923027	0.0330153382259199	0	0	0.0271124179967759	0.0194093983747808	0.0732140873331042	0.0955279094126296	0.193489808493694	0	0.0150875330679219	0.172657690806394	0	0	0	0.0570000000000001	0.145042045184327	1.02917868554635
TCGA-HZ-8317-01	0.00550841892406861	0	0.0371252374987868	0	0	0.36471114269596	0	0.0189037956618266	0.0361278027552837	0	0.011197402395377	0.0417019647381696	0.0387503165120881	0.167287100068736	0	0.143246530183301	0	0.0314170481302677	0.101039752325972	0	0	0.00298348811016339	0.705	0.0110452835129525	1.08522068456606
TCGA-HZ-8519-01	0.0961182025860554	0	0	0.0727925108575922	0	0.23652680098404	0	0.0569094597745165	0.00121732822747454	0	0.0314635117548823	0	0.0100169129020345	0.119204665824713	0.0547368627334973	0.227336729068327	0.0212608962528628	0	0.0724161190340045	0	0	0	0.079	0.132290548473467	1.03315664294595
TCGA-HZ-8636-01	0.00588124139737504	0	0	0	0	0.224318466047968	0	0.00491269412874784	0.043732401612353	0	0.0173705436225303	0	0.099790195401705	0.16851668905107	0.0213877766250423	0.308524212900375	0.0499535985172618	0.0246658999954359	0.0278972427751302	0.00298945837881902	0	5.95795461859094e-05	0.014	0.21346991168183	1.0100715172955
TCGA-HZ-8637-01	0.0443991748027478	0.0345314595948729	0	0.0618818706222098	0	0.118268709441036	0.00936011625141917	0.0467883247370395	0.0479801062334795	0	0.0311143314350031	0	0.0151537537378777	0.14404696995531	0.171456239555308	0.229096534148054	0	0	0.0423691414633451	0	0	0.00355326802229734	0	0.437746420966413	0.899356435835685
TCGA-HZ-8638-01	0.079244253240948	0	0.0787532342090047	0.146028864210953	0	0.169860064423715	0	0.0487044249217281	0.00215143219751794	0	0.03837890503727	0	0	0	0.138177706015273	0.127044632931853	0	0.0140863345536356	0.0753711637105038	0	0	0.0821989845475991	0.936	-0.0248010336564741	1.10169257415441
TCGA-HZ-A49G-01	0.00370014579488059	0	0	0.0398357996471895	0	0.136461205050176	0	0	0.0221727540517919	0	0.0191821844144937	0	0.0857350579428727	0.475344257050899	0.0210796159662541	0.136218050565244	0	0.000678001025530197	0.0595929284906687	0	0	0	0	0.421571019604312	0.92193881373455
TCGA-HZ-A49H-01	0.0393152285302538	0	0.0461807189645938	0.0848338761683603	0	0.211444240817786	0.0211963288238806	0.0171254907434079	0	0	0.0475333746626956	0	0.0313770495090875	0	0.0577674662547108	0.283251001718836	0.0282422347675178	0.0260527268092513	0.0927390305544172	0.00175108477351946	0	0.0111901469016816	0.033	0.17039498022866	1.01079269306411
TCGA-HZ-A49I-01	0.02831198236307	0	0.00349285229450771	0	0	0.070840019231538	0	0.0410786196840209	0.0695177538102064	0	0.0389922226223559	0	0.321737312857846	0.341906341584708	0.0048917013755486	0.053045257420078	0	0.0051231734081976	0.0210627633479227	0	0	0	0.001	0.303020264352567	0.978629900506851
TCGA-HZ-A4BH-01	0.0643583762262387	0.0672524056200254	0	0.0623288950343196	0	0.0900677367196913	0	0.0976861146627688	0.0217494685210451	0	0.0125053567659344	0	0	0.238969349928011	0.0878887070777464	0.190569731433459	0	0.0318637499941175	0.0347601080166426	0	0	0	0.019	0.200934198276258	1.01328126755627
TCGA-HZ-A4BK-01	0.0313235737445385	0	0	0.0872790926441634	0	0.101588370057439	0	0.0238234186372573	0.0602079170114522	0	0.0275617826982607	0	0.0772265012088252	0.288993874958134	0.0264928174181427	0.217060404391343	0	0	0.0584422472304447	0	0	0	0.021	0.191783918472403	1.02376449264146
TCGA-HZ-A77O-01	0.0157104571310422	0	0.0298273323042086	0.0429844843453513	0	0.0469321391496899	0	0.0726774698092633	0.0542695200732848	0	0.00639513943170134	0.0423673528946158	0.0159130141929662	0.181711324685978	0.06812081736772	0.310127790349109	0.0531151917604625	0.000831890870386046	0.0542036566098439	0	0	0.00481241902437763	0.053	0.146697959349991	1.03825124667216
TCGA-HZ-A77P-01	0.0377284474608616	0	0	0.0946245221601267	0	0.113025249664125	0	0.0407353062280071	0.00434871680848273	0	0.0478413526696586	0	0.0272070346931476	0.0100947236046681	0.0130322406452359	0.49503903447406	0	0.00592074685801974	0.110402624733607	0	0	0	0.0570000000000001	0.1453141197649	1.03946738186776
TCGA-HZ-A77Q-01	0.187006609556045	0	0	0.0474835974150391	0	0.0669579565085163	0	0.0514021649276166	0.0364058351291108	0	0.018228814138869	0	0.027773104369915	0.212371343746455	0.008350669831624	0.255265800119617	0	0.0264139945897743	0.0412521044980445	0	0	0.0210880051693738	0.002	0.290781535601241	0.970528982863072
TCGA-HZ-A8P1-01	0.0471052656762484	0	0	0	0	0.302836911765793	0	0.00358843607038012	0.0880909695177656	0	0.0613166420881862	0	0.0183472255013972	0.175883057415835	0.015793849787872	0.245001528463802	0	0.00141941978951227	0.0406166939232092	0	0	0	0.442	0.0408683515173353	1.08111915170308
TCGA-HZ-A9TJ-01	0	0.0150915483396388	0.0207867129096925	0	0	0.24473994683861	0	0.0372386348481399	0.123272144134612	0	0.00749468831965967	0.00837780893775281	0.0219527758572668	0.209902172271408	0.0388276282466144	0.184408229269936	0	0.0125064388640942	0.0754012711625747	0	0	0	0.273	0.0666759925979873	1.06609885544793
TCGA-HZ-A9TJ-06	0.0116924947366025	0	0.0543626288979293	0	0	0.27864160401031	0	0.0733328420800143	0.0464258222427015	0	0.0771137737270573	0.0280206581961966	0.0553219574865618	0.164315215567716	0	0.0509705176679126	0	0.00118057260252354	0.149913519446967	0	0.00717070410852302	0.00153768922898461	0.515	0.0338593757811922	1.07295589260491
TCGA-IB-7644-01	0.036649750228005	0	0	0.0464407175830734	0	0.347278833616917	0	0	0.0515405699010942	0	0.00387760063980223	0.0149325737892393	0.0224852869105438	0.0356667446987158	0.0072976063176354	0.211902179768795	0.0584924435502088	0.0411467849700292	0.0985713824207494	0	0	0.0237175256051911	0.216	0.078494771283456	1.05361967134546
TCGA-IB-7645-01	0.0734335488969644	0	0	0.0361604633141309	0	0.196361700869498	0.01706298295182	0.0102156997809409	0.0462221724271735	0	0.0385893432913009	0	0.0229226399763339	0.0809691843172412	0.0515416491785617	0.368710015656429	0.00466740272342038	0.0145618638878064	0.0232139731490813	0	0	0.0153673595792978	0.00700000000000001	0.236755283430425	0.993223359582048
TCGA-IB-7646-01	0.000435499706616379	0	0.0374620247575574	0	0	0.165511853723738	0.0207077280236893	0.03922550264572	0.00367559013572765	0	0	0.0119632123016107	0.0131734817823863	0.00487124150053983	0.090558684103287	0.357903649043759	0	0.114758918389274	0.0713508954861444	0	0	0.0684017183999504	0.018	0.204266379787412	1.01008443783233
TCGA-IB-7647-01	0.234032573601205	0	0.00741839538946794	0.0346930656297796	0	0.174585909989086	0.00687963457457449	0.0478829849571932	0.0215083678528959	0	0	0	0.0163658589827563	0.0319033101915918	0.028241349387448	0.273968575842478	0.0373317062931142	0.0325912933027105	0.0515661363587353	0	0	0.0010308376469634	0.00600000000000001	0.240908125231927	0.98594860565265
TCGA-IB-7649-01	0.00692349044561377	0	0.00846738703000686	0.0299301151215352	0	0.164823665812296	0.00108572099061214	0	0.0481460033375161	0	0	0.017788621946419	0.254060640864961	0.0969094586496596	0.0132967584581375	0.147063223323007	0.0289220130908552	0.0156553009344846	0.166927599994895	0	0	0	0.004	0.279403080630392	0.971137808425897
TCGA-IB-7651-01	0.0301412198991497	0	0.0421318833112541	0.0628008075040942	0	0.175205087923166	0.0240670847978868	0.0348470619922238	0.00914818811791673	0	0.0482652669564912	0	0.00354586498901992	0.0991571782825529	0.123773019932473	0.271879466550157	0.00613731881910068	0	0.0689005509245135	0	0	0	0.00700000000000001	0.233545420890827	0.993002207102088
TCGA-IB-7652-01	0	0	0.0323769590201734	0	0	0.18916260976538	0	0.0124599957838147	0.0226047193913828	0	0.0330363782928174	0	0.185735536929116	0.18475742394265	0	0.225737398678983	0	0.00942378248465543	0.0995924377891191	0	0.00511275792190732	0	0.00700000000000001	0.238045489412589	0.993668505833276
TCGA-IB-7654-01	0.14289200351114	0	0.0454197756957335	0.00819423685629595	0	0.139260360939482	0	0.0165758784258191	0.0458955847196926	0	0.0264403064083239	0	0	0.134010577513475	0.0670410519545804	0.308849363295026	0.00676337005812321	0	0.058657490622307	0	0	0	0.178	0.0892125792975488	1.05226370681563
TCGA-IB-7885-01	0.022297298489281	0	0.0429099257422015	0.0953351799661711	0	0.086097963353443	0	0.0615817446488334	0.112957069232853	0	0.00369981205178294	0.028247137580218	0	0.183960186765516	0	0.256793689117836	0.0102004833431186	0.0592178781437611	0	0	0	0.0367016315649852	0.0600000000000001	0.143482274130902	1.03670226683048
TCGA-IB-7886-01	0	0	0.0205323231991057	0	0	0.230546131726963	0	0.0254680527586161	0.0521488588998102	0	0	0.0138950756635297	0.0255418442389649	0.158579088529833	0.0409740398593995	0.321150687142927	0.02091390147774	0.0051987003093825	0.085051296193728	0	0	0	0.036	0.160146314881668	1.02966299960553
TCGA-IB-7887-01	0	0.00645164613164536	0.0214482762363385	0.180509120011716	0	0.10823395419973	0	0.0655028595606782	0.0458943487998093	0	0.0620470719701129	0	0.00336460462361101	0.0971771553068342	0.0702909489117795	0.139923744983468	0.0472791131493729	0	0.0578093615174631	0	0	0.0940677945974411	0.46	0.0386593329482138	1.07525137684179
TCGA-IB-7888-01	0.119464671366409	0.0116878383517952	0.0288137749865099	0.0817119073472371	0	0.240422579484371	0	0.0580237441020048	0.00733690305624583	0	0.0199339746464177	0	0.0804211803993813	0.0440479529348927	0.0189555866570506	0.163126605021841	0	0	0.111168878421081	0	0	0.0148844032247628	0.111	0.117368510967955	1.03255812788344
TCGA-IB-7889-01	0.0865041980602775	0.0396851078511282	0.022863837730827	0.100953673986003	0	0.113461404538216	0	0.0128636169884221	0.020664839333062	0	0	0.00492276709697609	0.0615726715159584	0.166299947889534	0.0298955420689984	0.267655930761287	0.0140822359576956	0	0.0585742262216147	0	0	0	0	0.333996991009901	0.947236294687975
TCGA-IB-7890-01	0	0.000560967939678074	0.0377922504643472	0	0	0.200598213505242	0	0.0140735496386646	0.0384441178255529	0	0	0.019830492482004	0.0178336372957647	0.394715937161462	0	0.177493505331543	0	0	0.0973672694175884	0	0.0012900589381522	0	0	0.339785859947352	0.960374696363619
TCGA-IB-7891-01	0.0451300931191044	0	0.0501615892210028	0.0442042595537684	0	0.177633118486197	0.0166152574615028	0.0150742019768905	0.0360031386101851	0	0.0290515528893329	0	0.03256141837489	0.0842449072891327	0.100717224618326	0.244739579722848	0.0412941327175673	0.00327908178731132	0.0767735890000198	0	0	0.00251685517192156	0.012	0.219104783319148	0.993283208433108
TCGA-IB-7893-01	0.0405087446654076	0	0.0050341431328706	0	0	0.146071352177449	0	0	0	0	0.0150040348881709	0	0	0.3414600563923	0.019419481097214	0.331523953849746	0	0.0413592199258684	0.0577851045814997	0	0	0.00183390928947358	0.011	0.224889464721797	1.03114148713151
TCGA-IB-7897-01	0.0737364785481676	0	0.0162373018866991	0.0539548697788047	0	0.243434610847581	0	0	0.00591490284286859	0	0.00141864047246278	0	0.121568908310001	0.0416113034161019	0.0969127365949642	0.180013098908304	0.0073231929805019	0	0.157873955413543	0	0	0	0.033	0.168761668019986	1.01438843294004
TCGA-IB-8126-01	0.127624703559619	0	0.00824198927782981	0.111242611930645	0	0.202999835190337	0.00648135114386153	0.0715260405869367	0	0	0.037866205119082	0	0.0368800261552851	0.018669562695285	0.0296116775992643	0.200290721972012	0	0.0275306383781099	0.121034636391732	0	0	0	0.021	0.190264272658291	1.00519060851576
TCGA-IB-8127-01	0	0.00290547416861389	0	0.0216479960241065	0	0.232804927438631	0.00360598757042562	0.00214955930548455	0.0282803194964783	0	0.0222961411120903	0	0.0558301776016594	0.217433400589442	0.00786025530601973	0.318260131466873	0	0.0454891253383412	0.0414365045818348	0	0	0	0.011	0.223043499300991	1.01017642143892
TCGA-IB-A5SO-01	0.0550881694822644	0.139573208692805	0	0.0804967285548989	0	0.0914445783890643	0	0.0366537669719057	0.0104173008329278	0	0	0	0	0.276258689817642	0.020660360582711	0.231143426632313	0	0.0200379654735247	0.038225804569943	0	0	0	0.00700000000000001	0.23827466262298	1.00010641124835
TCGA-IB-A5SP-01	0.0095581812121284	0	0	0	0	0.232770279930641	0	0	0.0701221600313436	0	0.0153957052717408	0.0468901978680387	0.0207788203178452	0.243987574307379	0.0136355497783389	0.231355075123478	0.00431797046082895	0.0316070355157133	0.0795814501825242	0	0	0	0.257	0.069061071063099	1.07522450598561
TCGA-IB-A5SQ-01	0.0515766319170679	0	0.00285570861476092	0.0291811303053652	0	0.146165333792357	0	0.0135187417217796	0.0315204772185805	0	0.0140313003160303	0	0	0.318225269994828	0.0232428137676856	0.314843014178741	0.00502812946236394	0.0221591736866618	0.0276522750237783	0	0	0	0	0.327672324583962	0.967475781238899
TCGA-IB-A5SS-01	0.0350149360845103	0	0	0.00721934639907058	0	0.135266051115226	0	0.0136821052742674	0.0390602841617843	0	0.0359716339352526	0	0.0248311919254746	0.30791848716455	0.0111889143503538	0.299307370915779	0	0.031092830443369	0.0408819312472992	0	0	0.0185649169830622	0.00700000000000001	0.237417148039193	1.01315991083076
TCGA-IB-A5ST-01	0.324928225962303	0.044680946273822	0	0.0453013452576197	0.0224308118543852	0.0803931505269359	0	0.0201523344239079	0.0243807414995566	0	0.018228574191592	0	0.00647690584140043	0.222747619310669	0.0158885050475974	0.158221212162177	0	0	0.0118878668257121	0	0	0.0042817608223214	0	0.425402034442388	0.906524081715218
TCGA-IB-A6UF-01	0	0.00984369456985931	0.0152814179014926	0	0	0.347159148498827	0	0.018165494705246	0.135923117717174	0	0.0121611783591962	0.0438576170221128	0.0789869697391636	0.101050075107662	0.025586154969918	0.010535433275972	0	0	0.188195800685863	0	0	0.0132538974475137	0.597	0.0237318306660393	1.08549404894635
TCGA-IB-A6UG-01	0.187022570028117	0.042708886241001	0.0186929212624323	0.086395532898173	0	0.0724859140295845	0	0.138109900026681	0.030505385461536	0	0	0.0470591628475164	0.0342110764437893	0.101301407073252	0.0262466924117637	0.104486486406135	0.00975372650220357	0	0.101020338367815	0	0	0	0.114	0.113927480590907	1.0367492570963
TCGA-IB-A7LX-01	0.0214471125474033	0	0.0257765884944242	0.00602769563930095	0	0.239243721119532	0	0.136173343755678	0.0275483519358711	0	0.0370563184105247	0.0163060232733217	0.00657189941119361	0.24032818031812	0.0465052989805575	0.143097807363298	0	0.0255063732909545	0.0284112854598199	0	0	0	0.328	0.0588937210702493	1.07502296747668
TCGA-IB-A7M4-01	0.0884914398492666	0	0.041883685096375	0.0692355341978434	0	0.157977562905755	0	0.0380646710687228	0.0708703713107447	0	0.0478105631012026	0	0	0.284142882095676	0.0609841934159807	0.130108724922165	0	0.0104303720362685	0	0	0	0	0.00600000000000001	0.240445614949628	0.996270550217514
TCGA-IB-AAUM-01	0.0443523684071646	0.0163661225636357	0	0.0466996434699652	0	0.132895383626607	0	0.0179990314618687	0.0871865756929004	0	0.0605107177456393	0	0.032278149326676	0.283752835750051	0.0234106431814554	0.204759764646021	0	0	0.0497887641280154	0	0	0	0.027	0.178841598114039	1.02688955064303
TCGA-IB-AAUN-01	0.106022169728747	0	0.116106061344739	0.0761435885714274	0	0.029350155893434	0.0238683366568306	0.0546051330010506	0.017497975740182	0	0.0160082343133071	0.0199066382088585	0.00864556662859453	0.116978825531702	0.106267224878661	0.210532860952924	0.00827420742820276	0.0168436503409793	0.072949370780361	0	0	0	0.179	0.0884850541166566	1.04282190557882
TCGA-IB-AAUO-01	0	0.00780342724443272	0	0.0914757024610778	0	0.185634664088003	0	0.0274567211204138	0.0996932684673413	0	0	0.0906898464389174	0.0137471107230898	0.0224828276961687	0.0244822374913808	0.194479051031634	0.010385472588525	0.147549953183927	0.0704561938336506	0	0	0.0136635236314379	0.31	0.0620984956895871	1.07076337756367
TCGA-IB-AAUP-01	0.364782413617962	0.133746404778526	0	0.0342557989009379	0	0.128619541790294	0	0.0361820930495415	0.0323434620592612	0	0.0302210204336278	0	0	0.104833466720051	0.0120624700242494	0.113675058996495	0	0.000455021540930266	0.0088232480881239	0	0	0	0	0.526451350671418	0.84969236926646
TCGA-IB-AAUQ-01	0	0.00301784893320718	0.046078480131361	0	0	0.225094535505712	0	0.00522287215874775	0.111371066117097	0	0.0531110751393542	0.00208266152745869	0.00665631559413605	0.436785804158474	0.0115237675482771	0.0799624004109777	0	0	0.0190931727751976	0	0	0	0.036	0.161143885445471	1.05723765470593
TCGA-IB-AAUR-01	0.421342774314311	0.0763662333611335	0	0.102918119490405	0	0.0202406282172081	0.0118524811299446	0.0695399848452779	0.0298006864457935	0	0.0109151865683767	0	0.0105755983320667	0.0975749063135745	0	0.0743325193660578	0	0.0323007548890885	0.0422401267267631	0	0	0	0	0.557411251549706	0.830963933934967
TCGA-IB-AAUS-01	0.0216855181136071	0	0	0.0303465009549028	0	0.123284979258542	4.20879133564342e-06	0	0.0126554628427709	0	0.043992728344456	0	0.0110465738245307	0.275488240259896	0.00376027496817937	0.392773303628196	0.00900851034923414	0.0140549499673679	0.0575783391655474	0	0	0.00432040953143338	0	0.40950055032923	0.922185279605245
TCGA-IB-AAUT-01	0.0555840425843719	0	0.0104848618409731	0.130830391754403	0	0.226680482347174	0	0.0192391769367305	0.0430462588596258	0	0.0281526021029518	0	0.00256069266455149	0.056664956263594	0.0464916916163005	0.301189692063644	0.0421803416699363	0	0.0368948092957427	0	0	0	0.07	0.137182237397289	1.03503195050197
TCGA-IB-AAUU-01	0.0134140394750776	0	0	0.0188192554367445	0	0.137943458529979	0	0.0180019150872922	0.0852910255416771	0	0	0.0314061056428353	0.212076818434116	0.140273564119383	0	0.181065212104121	0.0312042557468285	0.067826038658124	0.0626783112238219	0	0	0	0.126	0.108868681876061	1.04492338860111
TCGA-IB-AAUV-01	0.0955689670574541	0.0376545864911665	0	0.146322494652715	0	0.193683434310957	0	0.0531327980484177	0.00368649732977613	0	0.00867476239155676	0	0.0125138131867083	0.00272619539811455	0.023644779576471	0.331559943684962	0.0349391826530961	0	0.0444507842696766	0	0	0.0114417609489282	0.018	0.207711396066758	1.00323290191914
TCGA-IB-AAUW-01	0.180805167220219	0	0.00769022819206981	0.076262783727746	0	0.180468324068257	0	0.0354063983346126	0.00195214193385829	0	0.0408351703461456	0	0.0173408814550564	0	0.0626490373279405	0.288584549282851	0.0162880459561415	0	0.0781180578583207	0	0	0.0135992142967812	0.437	0.0418184449927192	1.06576415579835
TCGA-L1-A7W4-01	0	0.0121207314972718	0.0402242414885561	0	0	0.359509854727214	0	0.107617236042527	0.0634371968818154	0	0.00523941146545467	0.0115618498730942	0.0374072858041093	0.239801936875146	0	0.0696655028180089	0	0.039471534145382	0.00599294843856401	0	0.00795026994285647	0	0.188	0.0858768440366047	1.0696594719031
TCGA-LB-A7SX-01	0.0256803915625126	0	0.326466387741929	0.071405142111222	0	0.240892932218776	0	0.0342217464563417	0	0	0.0181661390338807	0.00521095253606838	0.00763254044732822	0.10947944477591	0	0.111272733151952	0	0.0178038903710708	0	0.0224535284150573	0	0.00931417117795138	0.49	0.0361164646341659	1.05133629953523
TCGA-LB-A8F3-01	0.0470641665622214	0	0	0	0	0.161665816678434	0	0.0441571536149245	0.107796201327798	0	0	0.0226132959027858	0.0438833797413816	0.232186600754311	0.0268203303178368	0.25324649974192	0	0	0.0459241711301777	0	0	0.014642384228209	0.333	0.0575370199570185	1.07876956632146
TCGA-LB-A9Q5-01	0	0	0.0157073416632672	0.0249860036180912	0	0.0981297140991229	0	0.0285411179287862	0.0801266662767585	0	0	0.0526220943870149	0.101727133783481	0.156010749393548	0	0.176013639567239	0.031017215058377	0.0394000010517794	0.132930959851586	0	0	0.0627873633209478	0.051	0.147981148330465	1.02739215550903
TCGA-M8-A5N4-01	0	0.000775352356103767	0.00910584499375155	0	0	0.195661379455629	0	0.0571723683968268	0.0763860047104059	0	0.0164486776136	0.0572421049941779	0.0694279336689829	0.177338881587761	0.00248559421521179	0.14422546920189	0	0.0643359015748145	0.116344122942329	0	0	0.0130503642885162	0.145	0.0999009501895509	1.04607825784561
TCGA-OE-A75W-01	0.0202284154400256	0	0.0270674747294669	0.1437367087588	0	0.253671225602532	0	0.00672110134723602	9.5504676913978e-05	0	0.0213959887676763	0.0171606075693215	0.0153927301268225	0.20207785338978	0.0499440356555918	0.164921537098689	0	0.0421305054826613	0.0354525383186435	0	0	3.77303583953066e-06	0.036	0.160353087322437	1.03167087751691
TCGA-PZ-A5RE-01	0	0.00185159891024391	0	0	0	0.1876126400062	0	0.0220377534474113	0.094710379725458	0	0.0180033550506439	0.0289905024893606	0.0161436880418589	0.282794995748495	0	0.178339687556703	0	0.0278361550284416	0.130104186565432	0	0	0.0115750574297524	0.00600000000000001	0.24263372322392	0.996986884176602
TCGA-Q3-A5QY-01	0.214268223636123	0.215725657246124	0	0.0601635832041449	0.128415815375396	0.0470468189486533	0.0200910622231164	0.0508407052928439	0.0270164260839158	0	0.00823812924429237	0	0.0127529921330509	0.0823189619172742	0	0.089933318202409	0	0.0405545082399531	0.00263379825270322	0	0	0	0	0.549284239317611	0.837876957010691
TCGA-Q3-AA2A-01	0.00205221285363832	0.00974913615153489	0	0	0	0.219817376114241	0	0.00498110071103524	0.0463451735317882	0	0.00344642403844836	0.0293943026704881	0.00375468266156065	0.451963485030397	0.019227822296205	0.179892745205673	0	0	0.0293755387349902	0	0	0	0.047	0.15116648696058	1.07872613504538
TCGA-RB-A7B8-01	0.0218813062845898	0.00991177678290395	0	0.0550132204011339	0	0.247163437780173	0	0.0327041680740528	0.0809432034150664	0	0.0190626389638863	0.0193032790477799	0.0102217741885036	0.156572684909759	0.0371489775016417	0.263112870066964	0.0250456432099685	0	0.00905122727782001	0.00879057495229733	0	0.00407321714346037	0.0590000000000001	0.143814843516235	1.03853737121857
TCGA-RB-AA9M-01	0.0167578021990237	0.0172826837285062	0.0244658603712041	0	0	0.163923585343431	0	0.0677647071299455	0.0815541911066868	0	0.0497220933478889	0	0	0.162772772156379	0.0452965702001777	0.327841633792246	0	0	0.0316329889459892	0	0	0.0109851116785224	0.374	0.0520600057986907	1.0763186705666
TCGA-RL-AAAS-01	0.164718327206797	0	0	0.145100396126703	0	0.128017469268711	0	0.0258158517624166	0.113751292754782	0	0.0162534513665564	0.0115529490316398	0.0484090626773863	0.0629479631042134	0.0482468633057225	0.121865642953426	0.0208109713890592	0	0.0925097590525871	0	0	0	0.004	0.265685001135869	0.975224058975842
TCGA-S4-A8RM-01	0.0519212878681143	0	0	0	0	0.45178121505997	0	0	0.0660777993112861	0	0.0631901491918666	0	0.0145990016932059	0.0240798344061912	0.0116269292042182	0.245053480455471	0.0253908336223209	0.02238203108117	0.0238974381061858	0	0	0	0.384	0.0502699876312717	1.07980397087444
TCGA-S4-A8RO-01	0.00109656695849111	0.00528704755007678	0	0	0	0.225843397576248	0	0.00844277274405498	0.0591292701770523	0	0.0544578938605194	0	0	0.374914837092348	0.0108380000042612	0.203415109281018	0	0	0.0565751047559312	0	0	0	0.00600000000000001	0.241204364818343	1.01387774731825
TCGA-S4-A8RP-01	0.0805537133682777	0	0.0050978639463014	0.0256187435115362	0	0.147161290428288	0	0.0192500287463453	0.035436576739695	0	0.028742675997036	0.00652158880557589	0.032086854511501	0.127400703705652	0.0996747133458798	0.296430431651494	0.00296758033591909	0	0.093057234906499	0	0	0	0.126	0.108743494254478	1.04780744313238
TCGA-US-A774-01	0.0505102441513671	0.0106706071000181	0.0558927309345589	0.0576751845791679	0	0.0377020668181728	0	0.0557323215809001	0.0470798103888745	0	0.0201533101146788	0.0230657773001966	0.00840638896070009	0.119266857201643	0.0759858031834687	0.288758899335094	0.0270259602431426	0	0.112093193601205	0	0	0.0099808445068123	0.078	0.133254262143214	1.03030461742963
TCGA-US-A776-01	0.105072978983826	0	0.0504906628669352	0	0	0.259696115354127	0	0.0341483218953559	0.15482137193474	0	0	0.0688629887033769	0.0250743070512272	0.111241322247479	0.0256321382518849	0.0881908547386175	0	0	0.0767689379724305	0	0	0	0.614	0.0220449823284814	1.07772600819243
TCGA-US-A779-01	0	0.0133592275681412	0.00728983135734116	0.0550131452405033	0	0.181227770941164	0	0.0236703004634811	0.060730855074343	0	0	0.0644436472489098	0.0166667138796644	0.362345240458831	0.0158346800408705	0.0923709452590923	0	0	0.107047642467658	0	0	0	0.404	0.0472507352555914	1.09699680879517
TCGA-US-A77E-01	0.0286179773656057	0.0463112130582444	0	0	0	0.240024888940819	0	0.0478498314789596	0.023811027579134	0	0.00191716706751771	0.0480467410395954	0.00317083475383232	0.268907399354494	0.0168193119844561	0.225031573159795	0	0.00347105146875731	0.0392000398092413	0	0	0.00682094293954756	0.196	0.0840849770348447	1.07214119084312
TCGA-US-A77G-01	0.0424915221923616	0	0	0.0164730311095071	0	0.422681092945706	0	0	0.0407419847980442	0	0.0365065661050091	0	0.0479021547425725	0.0477710409526551	0.0256310326556156	0.25194237529034	0.0014358874308493	0.0486997346592365	0.0114395795315331	0.00628399758656978	0	0	0.343	0.0561864625582031	1.0738201365195
TCGA-US-A77J-01	0.477328085661754	0	0.0159384679595121	0.0648201864424932	0	0.046673902469527	0	0.0758075804684871	0.0115809689429543	0	0.0139190567113678	0	0.00406459984140214	0.105974873324975	0.0173054211105504	0.157823025796153	0	0.00222024606198182	0.00654358520884238	0	0	0	0	0.440955543068817	0.899808690896516
TCGA-XD-AAUG-01	0.0294646990295535	0.0022372230878214	0.071299354209494	0	0	0.254524030819291	0	0.00923644955379374	0.00540929410949641	0	0.0294878658377474	0	0.0241504403510303	0	0	0.391356046287917	0.00502859446108698	0.0577556049953198	0.117397436369557	0	0	0.00265296088789143	0.269	0.0675682858283719	1.0549993963354
TCGA-XD-AAUH-01	0.432685983517326	0.0417908094136434	0	0.108321461011355	0.0389154899212976	0.0712690602690794	0	0.0374907498490015	0.0142175210284598	0	0.00540143218947976	0	0.0132835751564994	0.0275509253333861	0.00567089358506939	0.159434643986307	0	0.0168916218232938	0.0270758329158013	0	0	0	0.004	0.270754091192873	0.991985268103143
TCGA-XD-AAUI-01	0.252600781864196	0.00917156588333845	0.0255340059118148	0.0359656129268106	0	0.116631307008023	0.00173752076626442	0.0661870221410872	0.012588592072208	0	0.0273765398214363	0	0.00189444522192762	0.186366540023359	0.010402006050765	0.226885519555166	0	0.0235690102088875	0.0027758126570455	0.000313717887670474	0	0	0.012	0.220117192098066	1.00245912012406
TCGA-XD-AAUL-01	0	0.00490477137877581	0	0.0228407363155979	0	0.175312946107737	0	0.0184607433616523	0.0790029925989404	0	0	0.0742573383730888	0.0223560802984056	0.118928550056387	0.000305114487045105	0.316177216969678	0.0453730139574953	0.0186876684587191	0.064652490175866	0	0	0.0387403374606122	0.092	0.1266201452347	1.0439428473641
TCGA-XN-A8T3-01	0.0471637236952872	0	0	0.120396459243915	0	0.163061290929257	0	0.0312487795817327	0	0	0	0.0204554480130735	0	0.125072386627311	0.0759632877125406	0.345581918127635	0.0218309237659369	0	0.0492257823033114	0	0	0	0.0570000000000001	0.145368600328086	1.03881859456458
TCGA-XN-A8T5-01	0.29815917902557	0.189257396311841	0	0.0990046354909388	0	0.120915866004569	0	0.0632292889774758	0.0406722135861591	0	0.030800077315542	0	0.0284521090990712	0.0164160786263501	0.00161752737954369	0.0678640305480224	0	0.018086289024985	0.0255253086099318	0	0	0	0	0.352085905493313	0.949241369816216
TCGA-YB-A89D-01	0	0.00723017708956489	0	0.0154551263917714	0	0.179052610794604	0	0.0152600664367155	0.0790140745667282	0	0	0.00654183195022729	0.043267185168161	0.159871213231468	0.00625689550182445	0.282199785947933	0.0615392371568394	0.100551697775051	0.0310023942710259	0.0094574617339575	0	0.00330024198412805	0.026	0.180519305034331	1.0224041287716
TCGA-YB-A89D-11	0.0103182238815471	0.00526836142813013	0	0.0321287067827973	0	0.0961827270809344	0	0.00977248332487539	0.0304283011156987	0	0.00768394596909519	0	0.0603451556881657	0.405112124252498	0	0.256541517765654	0	0.0596403830953006	0.026578069615304	0	0	0	0	0.392313526352595	0.93973824930439
TCGA-YH-A8SY-01	0	0.0270686228454942	0.0350230058396022	0.0107290633532715	0	0.0803030816444494	0	0.0201102014243425	0.0701425032625544	0	0.0130456049886982	0.00566747138354628	0	0.361156181170121	0.00818083121840688	0.281697827147774	0	0.0484432932099225	0.0384323125118166	0	0	0	0.038	0.156383148507039	1.06222303738608
TCGA-YY-A8LH-01	0	0.0886296092070862	0	0.0962011143385253	0	0.20100096799177	0	0.099635173527092	0.128572290366143	0	0.0290139786430753	0	0.0281609220475779	0.0791991847824785	0.00337228237815646	0.117281012084903	0.00616254675839387	0.0586325825087554	0.0565009187377261	0.00763741662831733	0	0	0.509	0.0344820475236519	1.07673483389924
TCGA-Z5-AAPL-01	0.349233445373025	0.146756717336795	0	0.104456538945949	0.0513360499535806	0.0855480845231142	0.0274929015668571	0.0395116662506126	0.0458698816222184	0	0.0233497747542578	0	0	0.034714841527138	0.0143429444315577	0.0490329147253285	0	0.0283542389895662	0	0	0	0	0	0.618695651304371	0.789726099385353
